 9,14, 0, 0, 0, 3, 0, 5,15, 0, 2, 0, 0, 0, 7, 1
 6,12, 0, 0, 0,14, 0, 0, 0, 0,10, 0, 0, 0, 5,11
 4, 0, 0, 7, 6, 0, 0,13,16, 0, 0, 1, 2, 0, 0, 9
 0,15,16, 0, 9, 7, 0, 0, 0, 0,11, 6, 0, 3,14, 0
 0, 7,15, 0, 0, 0, 0, 0, 0, 0, 0, 0, 0, 2,16, 0
 5, 0,13, 0,14, 0,15, 0, 0,10, 0, 3, 0, 1, 0, 8
 0, 8, 0,10, 0, 9, 4,11,13, 6,15, 0,14, 0, 3, 0
16, 0, 0, 0, 5, 0, 3, 0, 0,14, 0, 9, 0, 0, 0, 6
15, 0, 0, 0,16, 0,10, 0, 0, 9, 0,13, 0, 0, 0,14
 0, 9, 0, 6, 0, 5,13, 3, 1,15, 4, 0, 7, 0,12, 0
 2, 0, 8, 0,15, 0,14, 0, 0,16, 0,12, 0, 5, 0,13
 0,13,12, 0, 0, 0, 0, 0, 0, 0, 0, 0, 0, 9,11, 0
 0, 5, 3, 0, 2,16, 0, 0, 0, 0,13,10, 0,12, 9, 0
 8, 0, 0, 4,12, 0, 0, 1, 6, 0, 0, 7,15, 0, 0, 3
10, 1, 0, 0, 0,15, 0, 0, 0, 0,16, 0, 0, 0, 6, 2
11, 2, 0, 0, 0, 8, 0,14, 3, 0, 1, 0, 0, 0,10, 7
